[-74.6327,7.1637],
    [-74.3884,7.2739],
    [-74.3875,7.2763],
    [-74.3877,7.2779],
    [-74.3884,7.2821],
    [-74.3884,7.2851],
    [-74.3889,7.2902],
    [-74.3857,7.2932],
    [-74.3852,7.2975],
    [-74.3875,7.3002],
    [-74.3893,7.3025],
    [-74.3932,7.3058],
    [-74.3945,7.3082],
    [-74.3993,7.3118],
    [-74.4014,7.3156],
    [-74.4025,7.3227],
    [-74.4020,7.3288],
    [-74.4017,7.3338],
    [-74.3977,7.3438],
    [-74.3998,7.3473],
    [-74.3884,7.3540],
    [-74.3894,7.3592],
    [-74.3815,7.3621],
    [-74.3730,7.3714],
    [-74.3695,7.3784],
    [-74.3643,7.3857],
    [-74.3629,7.3920],
    [-74.3561,7.4002],
    [-74.3534,7.4011],
    [-74.3484,7.4036],
    [-74.3466,7.4071],
    [-74.3445,7.4123],
    [-74.3399,7.4127],
    [-74.3388,7.4167],
    [-74.3386,7.4195],
    [-74.3411,7.4213],
    [-74.3428,7.4256],
    [-74.3452,7.4286],
    [-74.3466,7.4319],
    [-74.3515,7.4318],
    [-74.3529,7.4348],
    [-74.3571,7.4382],
    [-74.3604,7.4458],
    [-74.3633,7.4451],
    [-74.3634,7.4527],
    [-74.3698,7.4658],
    [-74.3886,7.4640],
    [-74.4133,7.4587],
    [-74.4214,7.4412],
    [-74.4135,7.4256],
    [-74.4131,7.4006],
    [-74.4179,7.3821],
    [-74.4387,7.3814],
    [-74.4536,7.3671],
    [-74.4697,7.3455],
    [-74.5117,7.3792],
    [-74.5304,7.3946],
    [-74.5432,7.4055],
    [-74.5604,7.4186],
    [-74.5707,7.4214],
    [-74.5852,7.4077],
    [-74.5915,7.3964],
    [-74.6058,7.3881],
    [-74.6084,7.3867],
    [-74.6106,7.3910],
    [-74.6991,7.3127],
    [-74.9077,7.2316],
    [-74.8899,7.2294],
    [-74.8718,7.2132],
    [-74.8622,7.1899],
    [-74.8558,7.1682],
    [-74.8484,7.1609],
    [-74.8515,7.1483],
    [-74.8458,7.1361],
    [-74.7043,7.0798],
    [-74.6853,7.0842],
    [-74.6809,7.0886],
    [-74.6719,7.1003],
    [-74.6639,7.1254],
    [-74.6603,7.1380],
    [-74.6611,7.1473],
    [-74.6571,7.1573],
    [-74.6348,7.1603],
    [-74.6327,7.1637]